# Made in Blockbench 4.8.3
mtllib anchor_link_otherside.mtl

o 结合杆头
v 0.05000000000000163 -0.09004579414009808 -0.43750249996460244
v -0.04999999999999847 -0.09004579414009808 -0.43750249996460244
v -0.04999999999999847 0.039588300563014184 -0.4580345235011326
v 0.05000000000000163 0.039588300563014184 -0.4580345235011326
v 0.05000000000000163 -0.11057781767662844 -0.5671365946677137
v 0.05000000000000163 0.019056277026483867 -0.5876686182042435
v -0.04999999999999847 -0.11057781767662844 -0.5671365946677137
v -0.04999999999999847 0.019056277026483867 -0.5876686182042435
v 0.018750000000001633 0.024232035745834254 0.04430232576523933
v -0.01874999999999847 0.024232035745834254 0.04430232576523933
v -0.01874999999999847 0.07978950490431112 0.03550288710672642
v 0.018750000000001633 0.07978950490431112 0.03550288710672642
v 0.018750000000001633 -0.070606358684806 -0.5544837307205625
v 0.018750000000001633 -0.015048889526329002 -0.5632831693790753
v -0.01874999999999847 -0.070606358684806 -0.5544837307205625
v -0.01874999999999847 -0.015048889526329002 -0.5632831693790753
v 0.043750000000001545 0.0066905947661769355 0.053408524113463515
v -0.04374999999999838 0.0066905947661769355 0.053408524113463515
v -0.04374999999999838 0.09928637669697116 0.03874279301594145
v 0.043750000000001545 0.09928637669697116 0.03874279301594145
v 0.043750000000001545 -0.007975136331344678 -0.039187257817331865
v 0.043750000000001545 0.0846206455994496 -0.053852988914853926
v -0.04374999999999838 -0.007975136331344678 -0.039187257817331865
v -0.04374999999999838 0.0846206455994496 -0.053852988914853926
vt 0.453125 0.578125
vt 0.453125 0.546875
vt 0.421875 0.546875
vt 0.421875 0.578125
vt 0.484375 0.875
vt 0.484375 0.84375
vt 0.453125 0.84375
vt 0.453125 0.875
vt 0.484375 0.828125
vt 0.484375 0.796875
vt 0.453125 0.796875
vt 0.453125 0.828125
vt 0.484375 0.71875
vt 0.484375 0.6875
vt 0.453125 0.6875
vt 0.453125 0.71875
vt 0.453125 0.640625
vt 0.453125 0.671875
vt 0.484375 0.671875
vt 0.484375 0.640625
vt 0.34375 0.546875
vt 0.34375 0.515625
vt 0.375 0.515625
vt 0.375 0.546875
vt 0.546875 0.84375
vt 0.546875 0.828125
vt 0.53125 0.828125
vt 0.53125 0.84375
vt 0.421875 0.78125
vt 0.421875 0.765625
vt 0.265625 0.765625
vt 0.265625 0.78125
vt 0.546875 0.8125
vt 0.546875 0.796875
vt 0.53125 0.796875
vt 0.53125 0.8125
vt 0.46875 0.90625
vt 0.46875 0.890625
vt 0.3125 0.890625
vt 0.3125 0.90625
vt 0.34375 0.5625
vt 0.34375 0.71875
vt 0.359375 0.71875
vt 0.359375 0.5625
vt 0.171875 0.640625
vt 0.171875 0.484375
vt 0.1875 0.484375
vt 0.1875 0.640625
vt 0.515625 0.578125
vt 0.515625 0.546875
vt 0.5 0.546875
vt 0.5 0.578125
vt 0.5 0.625
vt 0.5 0.59375
vt 0.46875 0.59375
vt 0.46875 0.625
vt 0.140625 0.484375
vt 0.140625 0.453125
vt 0.125 0.453125
vt 0.125 0.484375
vt 0.421875 0.53125
vt 0.421875 0.5
vt 0.390625 0.5
vt 0.390625 0.53125
vt 0.515625 0.609375
vt 0.515625 0.640625
vt 0.53125 0.640625
vt 0.53125 0.609375
vt 0.375 0.484375
vt 0.375 0.453125
vt 0.390625 0.453125
vt 0.390625 0.484375
vn 0 0.15643446504022931 0.987688340595138
vn 1 0 0
vn 0 -0.1564344650402268 -0.9876883405951385
vn -1 0 0
vn 0 0.9876883405951375 -0.15643446504023203
vn 0 -0.9876883405951375 0.15643446504023195
vn 0 0.15643446504022843 0.9876883405951383
vn 1 0 0
vn 0 -0.15643446504022707 -0.9876883405951383
vn -1 0 0
vn 0 0.9876883405951379 -0.15643446504023129
vn 0 -0.9876883405951377 0.15643446504023145
vn 0 0.1564344650402352 0.987688340595137
vn 1 0 0
vn 0 -0.15643446504023503 -0.9876883405951372
vn -1 0 0
vn 0 0.9876883405951382 -0.156434465040228
vn 0 -0.9876883405951382 0.15643446504022857
usemtl m_c1f96b95-55d8-69c8-836f-64a17a30952a
f 3/1/1 2/2/1 1/3/1 4/4/1
f 4/5/2 1/6/2 5/7/2 6/8/2
f 6/9/3 5/10/3 7/11/3 8/12/3
f 8/13/4 7/14/4 2/15/4 3/16/4
f 4/17/5 6/18/5 8/19/5 3/20/5
f 5/21/6 1/22/6 2/23/6 7/24/6
f 11/25/7 10/26/7 9/27/7 12/28/7
f 12/29/8 9/30/8 13/31/8 14/32/8
f 14/33/9 13/34/9 15/35/9 16/36/9
f 16/37/10 15/38/10 10/39/10 11/40/10
f 12/41/11 14/42/11 16/43/11 11/44/11
f 13/45/12 9/46/12 10/47/12 15/48/12
f 19/49/13 18/50/13 17/51/13 20/52/13
f 20/53/14 17/54/14 21/55/14 22/56/14
f 22/57/15 21/58/15 23/59/15 24/60/15
f 24/61/16 23/62/16 18/63/16 19/64/16
f 20/65/17 22/66/17 24/67/17 19/68/17
f 21/69/18 17/70/18 18/71/18 23/72/18