# Made in Blockbench 4.8.3
mtllib combination_lever_otherside.mtl

o cuboid
v 0.043750000000001774 0.2344336846340698 0.13675155587697216
v 0.043750000000001774 0.26993090849511503 0.08495256323156028
v 0.04375000000000155 0.10656925632578254 -0.03162863655019177
v 0.04375000000000155 0.10250228195110236 0.04326101373231184
v -0.05624999999999827 0.10656925632578254 -0.03162863655019177
v -0.05624999999999849 0.26993090849511503 0.08495256323156028
v -0.05624999999999849 0.2344336846340698 0.13675155587697216
v -0.05624999999999827 0.10250228195110236 0.04326101373231184
v 0.018750000000001668 -1.000559858668274 -0.016642129661413763
v -0.018749999999998407 -1.000559858668274 -0.016642129661413763
v -0.018749999999998407 -0.2204593348921937 0.025722186741504394
v 0.018750000000001668 -0.2204593348921937 0.025722186741504394
v 0.018750000000001668 -0.9964928842935937 -0.0915317799439174
v 0.018750000000001668 -0.21639236051751373 -0.04916746354099921
v -0.018749999999998407 -0.9964928842935937 -0.0915317799439174
v -0.018749999999998407 -0.21639236051751373 -0.04916746354099921
v 0.04375000000000155 -0.3078305935551159 0.02097738330437726
v -0.05624999999999849 -0.3078305935551159 0.02097738330437726
v -0.05624999999999849 0.10406248299865409 0.04334574236511812
v 0.04375000000000155 0.10406248299865409 0.04334574236511812
v 0.04375000000000155 -0.3037636191804357 -0.053912266978126344
v 0.04375000000000155 0.10812945737333449 -0.03154390791738548
v -0.05624999999999849 -0.3037636191804357 -0.053912266978126344
v -0.05624999999999849 0.10812945737333449 -0.03154390791738548
vt 0.5 0.078125
vt 0.5501644797933485 0.07717019677857784
vt 0.5501644797933485 0.061470816006056084
vt 0.5097448608621413 0.06210625514350432
vt 0.5157588614969314 0.140625
vt 0.5314553993165018 0.140326240699853
vt 0.5314553993165018 0.090152675128639
vt 0.515625 0.10020060812404163
vt 0.421875 0.0936765625
vt 0.421875 0.109375
vt 0.446875 0.109375
vt 0.446875 0.0936765625
vt 0.46875 0.140625
vt 0.49375 0.140625
vt 0.49375 0.12187499999999996
vt 0.46875 0.12187499999999996
vt 0.46875 0.234375
vt 0.49375 0.234375
vt 0.49375 0.18420156249999997
vt 0.46875 0.18420156249999997
vt 0.578125 0.16269999999999996
vt 0.578125 0.203125
vt 0.603125 0.203125
vt 0.603125 0.16269999999999996
vt 0.234375 0.71875
vt 0.234375 0.515625
vt 0.21875 0.515625
vt 0.21875 0.71875
vt 0.265625 0.71875
vt 0.265625 0.515625
vt 0.25 0.515625
vt 0.25 0.71875
vt 0.296875 0.71875
vt 0.296875 0.515625
vt 0.28125 0.515625
vt 0.28125 0.71875
vt 0.328125 0.71875
vt 0.328125 0.515625
vt 0.3125 0.515625
vt 0.3125 0.71875
vt 0.46875 0.46875
vt 0.46875 0.484375
vt 0.484375 0.484375
vt 0.484375 0.46875
vt 0.5 0.484375
vt 0.5 0.46875
vt 0.515625 0.46875
vt 0.515625 0.484375
vt 0.296875 0.90625
vt 0.296875 0.796875
vt 0.265625 0.796875
vt 0.265625 0.90625
vt 0.390625 0.71875
vt 0.390625 0.609375
vt 0.375 0.609375
vt 0.375 0.71875
vt 0.15625 0.734375
vt 0.15625 0.625
vt 0.125 0.625
vt 0.125 0.734375
vt 0.140625 0.609375
vt 0.140625 0.5
vt 0.125 0.5
vt 0.125 0.609375
vt 0.328125 0.484375
vt 0.328125 0.5
vt 0.359375 0.5
vt 0.359375 0.484375
vt 0.5 0.671875
vt 0.5 0.65625
vt 0.53125 0.65625
vt 0.53125 0.671875
vn 1 -9.12812152921437e-16 -6.255391404451367e-16
vn -1 -9.128121529214372e-16 -6.255391404451368e-16
vn 0 0.8248928559979544 0.5652891084423424
vn 0 -0.9985286704333817 -0.0542263249957357
vn 0 0.580889416050516 -0.8139824852664157
vn 0 -0.5781784800163857 0.8159103169135332
vn 0 -0.05422632499573518 0.9985286704333817
vn 1 0 0
vn 0 0.05422632499573524 -0.9985286704333817
vn -1 0 0
vn 0 0.9985286704333818 0.054226324995732746
vn 0 -0.9985286704333817 -0.05422632499573717
vn 0 -0.054226324995735424 0.9985286704333818
vn 1 0 0
vn 0 0.05422632499573539 -0.9985286704333817
vn -1 0 0
vn 0 0.9985286704333814 0.05422632499573865
vn 0 -0.9985286704333817 -0.0542263249957357
usemtl m_9ed95fbb-cf38-67ac-0b25-9fcf84062b33
f 3/1/1 2/2/1 1/3/1 4/4/1
f 7/5/2 6/6/2 5/7/2 8/8/2
f 1/9/3 2/10/3 6/11/3 7/12/3
f 5/13/4 3/14/4 4/15/4 8/16/4
f 6/17/5 2/18/5 3/19/5 5/20/5
f 4/21/6 1/22/6 7/23/6 8/24/6
usemtl m_fc03e5f8-7fc4-62d1-e69d-9bd2259236ec
f 11/25/7 10/26/7 9/27/7 12/28/7
f 12/29/8 9/30/8 13/31/8 14/32/8
f 14/33/9 13/34/9 15/35/9 16/36/9
f 16/37/10 15/38/10 10/39/10 11/40/10
f 12/41/11 14/42/11 16/43/11 11/44/11
f 13/45/12 9/46/12 10/47/12 15/48/12
f 19/49/13 18/50/13 17/51/13 20/52/13
f 20/53/14 17/54/14 21/55/14 22/56/14
f 22/57/15 21/58/15 23/59/15 24/60/15
f 24/61/16 23/62/16 18/63/16 19/64/16
f 20/65/17 22/66/17 24/67/17 19/68/17
f 21/69/18 17/70/18 18/71/18 23/72/18