# Made in Blockbench 4.8.3
mtllib ascending.mtl

o cube
v 1.1794592283901535 1.187678712765614 1.043634627055253
v 1.3294592283901532 1.187678712765614 1.043634627055253
v 1.3294592283901532 1.2156801413006013 1.0156331985202658
v 1.1794592283901535 1.2156801413006013 1.0156331985202658
v 1.1794592283901533 0.1701078604643479 0.026063774753987023
v 1.1794592283901533 0.19810928899933516 -0.0019376537810003036
v 1.3294592283901534 0.17010786046434773 0.026063774753986912
v 1.3294592283901534 0.198109288999335 -0.0019376537810004146
v 1.2440592283901535 1.2153000714057136 1.0160132684151537
v 1.2648592283901534 1.2153000714057136 1.0160132684151537
v 1.2648592283901534 1.2815913321419523 0.9497220076789148
v 1.2440592283901535 1.2815913321419523 0.9497220076789148
v 1.2440592283901535 0.19772921910444746 -0.0015575838861123792
v 1.2440592283901535 0.2640204798406863 -0.0678488446223513
v 1.2648592283901532 0.1977292191044474 -0.0015575838861124902
v 1.2648592283901532 0.2640204798406862 -0.06784884462235141
v 1.2179592283901535 1.2815913321419523 0.9497220076789148
v 1.2909592283901534 1.2815913321419523 0.9497220076789147
v 1.2909592283901534 1.3117140810204992 0.9195992588003677
v 1.2179592283901535 1.3117140810204995 0.9195992588003679
v 1.2179592283901535 0.26402047984068605 -0.06784884462235152
v 1.2179592283901535 0.29414322871923293 -0.09797159350089835
v 1.2909592283901534 0.26402047984068616 -0.06784884462235141
v 1.2909592283901534 0.29414322871923304 -0.09797159350089824
v -0.3299157716098463 1.187678712765614 1.043634627055253
v -0.1799157716098465 1.187678712765614 1.0436346270552532
v -0.1799157716098465 1.2156801413006013 1.0156331985202658
v -0.3299157716098463 1.2156801413006013 1.0156331985202658
v -0.3299157716098463 0.17010786046434817 0.026063774753987246
v -0.3299157716098463 0.19810928899933544 -0.0019376537810000816
v -0.1799157716098465 0.17010786046434806 0.026063774753987135
v -0.1799157716098465 0.19810928899933533 -0.0019376537810000816
v -0.26531577160984643 1.2153000714057136 1.0160132684151535
v -0.2445157716098465 1.2153000714057136 1.0160132684151535
v -0.2445157716098465 1.2815913321419523 0.9497220076789148
v -0.26531577160984643 1.2815913321419523 0.9497220076789148
v -0.26531577160984676 0.1977292191044474 -0.0015575838861126012
v -0.26531577160984676 0.2640204798406862 -0.06784884462235141
v -0.2445157716098466 0.1977292191044474 -0.0015575838861126012
v -0.2445157716098466 0.2640204798406862 -0.06784884462235141
v -0.29141577160984644 1.2815913321419525 0.9497220076789148
v -0.2184157716098465 1.2815913321419525 0.9497220076789148
v -0.2184157716098465 1.3117140810204995 0.9195992588003679
v -0.29141577160984644 1.3117140810204995 0.919599258800368
v -0.29141577160984655 0.2640204798406864 -0.06784884462235119
v -0.29141577160984655 0.29414322871923326 -0.09797159350089812
v -0.21841577160984638 0.26402047984068655 -0.06784884462235108
v -0.21841577160984638 0.2941432287192335 -0.09797159350089801
v 1.0378775641771543 0.8217396344425251 0.8964567091617524
v 1.0378775641771543 0.9808386602094984 1.0555557349287255
v 1.0378775641771543 1.0957435121523122 0.9406508829859116
v 1.0378775641771543 0.936644486385339 0.7815518572189384
v 1.587877564177154 0.8217396344425252 0.8964567091617524
v 1.587877564177154 0.936644486385339 0.7815518572189384
v 1.587877564177154 0.9808386602094985 1.0555557349287257
v 1.587877564177154 1.0957435121523125 0.9406508829859117
v 0.8753775641771544 0.7200930346469588 0.9981033089573185
v 0.8753775641771543 0.8791920604139323 1.1572023347242917
v 0.8753775641771543 0.9808386602094984 1.0555557349287255
v 0.8753775641771544 0.8217396344425251 0.8964567091617522
v 1.7503775641771542 0.720093034646959 0.9981033089573186
v 1.7503775641771542 0.8217396344425252 0.8964567091617524
v 1.7503775641771542 0.8791920604139322 1.1572023347242917
v 1.7503775641771542 0.9808386602094983 1.0555557349287255
v 1.4982867905574286 0.8720918168556754 0.846104526748602
v 1.4982867905574286 1.0311908426226486 1.0052035525155754
v 1.588884846896955 1.0952533426226485 0.9411410525155752
v 1.588884846896955 0.9361543168556754 0.782042026748602
v 1.65959552501561 0.7580293168556753 0.9601670267486022
v 1.7501935813551364 0.8220918168556753 0.8961045267486023
v 1.65959552501561 0.9171283426226485 1.1192660525155755
v 1.7501935813551364 0.9811908426226486 1.0552035525155756
v 0.9661596033386987 0.7580293168556754 0.960167026748602
v 0.9661596033386987 0.9171283426226486 1.119266052515575
v 0.8755615469991722 0.9811908426226486 1.0552035525155752
v 0.8755615469991723 0.8220918168556753 0.8961045267486021
v 1.1274683377968797 0.8720918168556755 0.846104526748602
v 1.0368702814573534 0.9361543168556754 0.782042026748602
v 1.1274683377968797 1.0311908426226486 1.0052035525155754
v 1.0368702814573534 1.0952533426226487 0.9411410525155752
v -0.5871224358228454 0.8217396344425252 0.8964567091617521
v -0.5871224358228456 0.9808386602094984 1.0555557349287255
v -0.5871224358228456 1.0957435121523122 0.9406508829859115
v -0.5871224358228454 0.9366444863853391 0.7815518572189383
v -0.03712243582284569 0.8217396344425252 0.8964567091617522
v -0.03712243582284569 0.936644486385339 0.7815518572189384
v -0.0371224358228458 0.9808386602094984 1.0555557349287255
v -0.0371224358228458 1.0957435121523122 0.9406508829859116
v -0.7496224358228453 0.720093034646959 0.9981033089573184
v -0.7496224358228455 0.8791920604139322 1.1572023347242917
v -0.7496224358228455 0.9808386602094984 1.0555557349287255
v -0.7496224358228453 0.8217396344425252 0.8964567091617521
v 0.12537756417715434 0.7200930346469588 0.9981033089573184
v 0.12537756417715434 0.8217396344425251 0.8964567091617521
v 0.12537756417715434 0.8791920604139322 1.1572023347242917
v 0.12537756417715434 0.9808386602094984 1.0555557349287255
v -0.6588403966613013 0.7580293168556755 0.960167026748602
v -0.6588403966613013 0.9171283426226488 1.1192660525155753
v -0.7494384530008279 0.9811908426226487 1.0552035525155752
v -0.7494384530008277 0.8220918168556755 0.8961045267486019
v -0.49753166220312006 0.8720918168556754 0.846104526748602
v -0.5881297185426463 0.9361543168556754 0.7820420267486019
v -0.49753166220311995 1.0311908426226486 1.0052035525155751
v -0.5881297185426465 1.0952533426226487 0.9411410525155751
v -0.12671320944257103 0.8720918168556754 0.846104526748602
v -0.12671320944257114 1.0311908426226486 1.0052035525155754
v -0.036115153103044695 1.0952533426226487 0.9411410525155752
v -0.036115153103044695 0.9361543168556754 0.7820420267486019
v 0.034595525015610085 0.7580293168556753 0.9601670267486019
v 0.12519358135513647 0.8220918168556755 0.8961045267486021
v 0.034595525015610085 0.9171283426226486 1.119266052515575
v 0.12519358135513636 0.9811908426226487 1.0552035525155754
v 1.0378775641771543 0.48807362207012306 0.5627906967893503
v 1.0378775641771543 0.6471726478370963 0.7218897225563234
v 1.0378775641771543 0.7620774997799102 0.6069848706135095
v 1.0378775641771543 0.6029784740129369 0.4478858448465363
v 1.587877564177154 0.4880736220701231 0.5627906967893503
v 1.587877564177154 0.602978474012937 0.44788584484653643
v 1.587877564177154 0.6471726478370964 0.7218897225563236
v 1.587877564177154 0.7620774997799102 0.6069848706135097
v 0.8753775641771543 0.38642702227455694 0.6644372965849165
v 0.8753775641771543 0.54552604804153 0.8235363223518897
v 0.8753775641771543 0.6471726478370963 0.7218897225563234
v 0.8753775641771543 0.48807362207012306 0.5627906967893503
v 1.7503775641771542 0.38642702227455694 0.6644372965849166
v 1.7503775641771542 0.48807362207012306 0.5627906967893503
v 1.7503775641771542 0.54552604804153 0.8235363223518897
v 1.7503775641771542 0.6471726478370963 0.7218897225563234
v 1.4982867905574286 0.5384258044832733 0.5124385143762
v 1.4982867905574286 0.6975248302502466 0.6715375401431732
v 1.588884846896955 0.7615873302502465 0.6074750401431731
v 1.588884846896955 0.6024883044832734 0.4483760143762
v 1.65959552501561 0.42436330448327325 0.6265010143762002
v 1.7501935813551364 0.4884258044832732 0.5624385143762002
v 1.65959552501561 0.5834623302502464 0.7856000401431733
v 1.7501935813551364 0.6475248302502465 0.7215375401431734
v 0.9661596033386988 0.42436330448327336 0.6265010143762
v 0.9661596033386988 0.5834623302502466 0.7856000401431731
v 0.8755615469991722 0.6475248302502465 0.7215375401431733
v 0.8755615469991723 0.4884258044832733 0.5624385143762001
v 1.12746833779688 0.5384258044832733 0.5124385143762
v 1.0368702814573534 0.6024883044832734 0.44837601437619995
v 1.1274683377968797 0.6975248302502466 0.6715375401431731
v 1.0368702814573534 0.7615873302502466 0.6074750401431731
v -0.5871224358228456 0.48807362207012295 0.5627906967893501
v -0.5871224358228454 0.6471726478370963 0.7218897225563233
v -0.5871224358228454 0.7620774997799101 0.6069848706135095
v -0.5871224358228456 0.6029784740129369 0.4478858448465362
v -0.03712243582284558 0.48807362207012306 0.5627906967893503
v -0.03712243582284558 0.602978474012937 0.4478858448465363
v -0.03712243582284569 0.6471726478370963 0.7218897225563234
v -0.03712243582284569 0.7620774997799102 0.6069848706135095
v -0.7496224358228453 0.3864270222745569 0.6644372965849165
v -0.7496224358228455 0.54552604804153 0.8235363223518897
v -0.7496224358228455 0.6471726478370963 0.7218897225563236
v -0.7496224358228453 0.4880736220701231 0.5627906967893503
v 0.1253775641771544 0.38642702227455683 0.6644372965849165
v 0.1253775641771544 0.48807362207012306 0.5627906967893502
v 0.1253775641771544 0.54552604804153 0.8235363223518897
v 0.1253775641771544 0.6471726478370963 0.7218897225563234
v -0.6588403966613011 0.4243633044832733 0.6265010143761999
v -0.6588403966613013 0.5834623302502466 0.7856000401431731
v -0.7494384530008277 0.6475248302502464 0.7215375401431732
v -0.7494384530008277 0.4884258044832733 0.5624385143762001
v -0.49753166220311995 0.5384258044832733 0.5124385143762
v -0.5881297185426463 0.6024883044832734 0.4483760143762
v -0.49753166220311995 0.6975248302502466 0.6715375401431731
v -0.5881297185426465 0.7615873302502467 0.6074750401431732
v -0.12671320944257125 0.5384258044832733 0.5124385143761998
v -0.12671320944257114 0.6975248302502466 0.6715375401431731
v -0.036115153103044695 0.7615873302502466 0.6074750401431732
v -0.036115153103044695 0.6024883044832734 0.4483760143761999
v 0.034595525015610085 0.42436330448327336 0.6265010143762
v 0.12519358135513647 0.48842580448327333 0.5624385143762001
v 0.03459552501561003 0.5834623302502466 0.7856000401431732
v 0.12519358135513647 0.6475248302502465 0.7215375401431733
v 1.0378775641771545 0.15772217273453198 0.2324392474537592
v 1.0378775641771543 0.3168211985015055 0.3915382732207327
v 1.0378775641771543 0.4317260504443194 0.2766334212779188
v 1.0378775641771545 0.2726270246773459 0.1175343955109453
v 1.587877564177154 0.15772217273453204 0.23243924745375932
v 1.587877564177154 0.272627024677346 0.11753439551094536
v 1.587877564177154 0.3168211985015054 0.3915382732207327
v 1.587877564177154 0.43172605044431933 0.27663342127791873
v 0.8753775641771544 0.05607557293896581 0.3340858472493254
v 0.8753775641771544 0.2151745987059393 0.4931848730162989
v 0.8753775641771544 0.3168211985015055 0.39153827322073276
v 0.8753775641771544 0.15772217273453193 0.23243924745375916
v 1.7503775641771542 0.0560755729389657 0.3340858472493254
v 1.7503775641771542 0.15772217273453193 0.23243924745375916
v 1.7503775641771542 0.2151745987059393 0.49318487301629904
v 1.7503775641771542 0.31682119850150553 0.3915382732207328
v 1.4982867905574289 0.20807435514768213 0.1820870650406088
v 1.4982867905574286 0.3671733809146558 0.3411860908075825
v 1.588884846896955 0.43123588091465587 0.2771235908075825
v 1.5888848468969554 0.27213685514768227 0.11802456504060888
v 1.65959552501561 0.09401185514768196 0.29614956504060896
v 1.7501935813551368 0.1580743551476821 0.232087065040609
v 1.65959552501561 0.2531108809146556 0.4552485908075826
v 1.7501935813551364 0.3171733809146557 0.39118609080758265
v 0.9661596033386988 0.09401185514768229 0.2961495650406089
v 0.9661596033386988 0.2531108809146558 0.4552485908075824
v 0.8755615469991722 0.31717338091465574 0.39118609080758254
v 0.8755615469991723 0.1580743551476821 0.2320870650406089
v 1.12746833779688 0.20807435514768213 0.18208706504060884
v 1.0368702814573538 0.27213685514768216 0.11802456504060876
v 1.1274683377968797 0.3671733809146558 0.34118609080758244
v 1.0368702814573534 0.4312358809146558 0.27712359080758237
v -0.5871224358228454 0.15772217273453182 0.23243924745375905
v -0.5871224358228454 0.3168211985015055 0.3915382732207326
v -0.5871224358228454 0.4317260504443194 0.2766334212779187
v -0.5871224358228454 0.2726270246773458 0.11753439551094508
v -0.03712243582284558 0.15772217273453187 0.2324392474537591
v -0.03712243582284558 0.2726270246773458 0.11753439551094519
v -0.03712243582284569 0.3168211985015055 0.39153827322073265
v -0.03712243582284569 0.4317260504443194 0.2766334212779187
v -0.7496224358228453 0.0560755729389657 0.3340858472493253
v -0.7496224358228455 0.21517459870593936 0.4931848730162989
v -0.7496224358228455 0.31682119850150553 0.39153827322073265
v -0.7496224358228453 0.15772217273453193 0.2324392474537591
v 0.12537756417715462 0.0560755729389657 0.33408584724932533
v 0.12537756417715462 0.15772217273453193 0.23243924745375916
v 0.12537756417715434 0.21517459870593925 0.4931848730162988
v 0.12537756417715434 0.3168211985015054 0.39153827322073265
v -0.6588403966613011 0.09401185514768218 0.2961495650406088
v -0.6588403966613011 0.25311088091465583 0.45524859080758234
v -0.7494384530008277 0.3171733809146557 0.3911860908075824
v -0.7494384530008277 0.1580743551476821 0.23208706504060878
v -0.49753166220311995 0.20807435514768213 0.18208706504060873
v -0.5881297185426463 0.27213685514768227 0.11802456504060876
v -0.49753166220311984 0.3671733809146558 0.34118609080758244
v -0.5881297185426463 0.4312358809146558 0.2771235908075823
v -0.12671320944257103 0.20807435514768213 0.18208706504060884
v -0.12671320944257103 0.36717338091465573 0.34118609080758233
v -0.036115153103044584 0.4312358809146558 0.27712359080758237
v -0.036115153103044584 0.27213685514768227 0.11802456504060888
v 0.03459552501561014 0.09401185514768218 0.29614956504060874
v 0.12519358135513659 0.15807435514768214 0.2320870650406089
v 0.034595525015610196 0.25311088091465583 0.4552485908075824
v 0.12519358135513647 0.31717338091465574 0.3911860908075825
vt 0.578125 0.8515625
vt 0.5 0.8515625
vt 0.5 0.875
vt 0.578125 0.875
vt 0.5 0.5078125
vt 0 0.5078125
vt 0 0.53125
vt 0.5 0.53125
vt 0.578125 0.8828125
vt 0.5 0.8828125
vt 0.5 0.90625
vt 0.578125 0.90625
vt 0.5 0.5390625
vt 0 0.5390625
vt 0 0.5625
vt 0.5 0.5625
vt 0 0.921875
vt 0 1
vt 0.5 1
vt 0.5 0.921875
vt 0.5 0.828125
vt 0.5 0.90625
vt 0 0.90625
vt 0 0.828125
vt 0.5078125 0.671875
vt 0.5 0.671875
vt 0.5 0.71875
vt 0.5078125 0.71875
vt 0.5 0.703125
vt 0 0.703125
vt 0 0.75
vt 0.5 0.75
vt 0.5078125 0.734375
vt 0.5 0.734375
vt 0.5 0.78125
vt 0.5078125 0.78125
vt 0.5 0.765625
vt 0 0.765625
vt 0 0.8125
vt 0.5 0.8125
vt 0.5 0.9609375
vt 0.5 0.96875
vt 1 0.96875
vt 1 0.9609375
vt 1 0.9296875
vt 1 0.9375
vt 0.5 0.9375
vt 0.5 0.9296875
vt 0.5390625 0.7890625
vt 0.5 0.7890625
vt 0.5 0.8125
vt 0.5390625 0.8125
vt 1 0.9765625
vt 0.5 0.9765625
vt 0.5 1
vt 1 1
vt 0.5390625 0.8203125
vt 0.5 0.8203125
vt 0.5 0.84375
vt 0.5390625 0.84375
vt 0.5 0.4765625
vt 0 0.4765625
vt 0 0.5
vt 0.5 0.5
vt 0 0.6484375
vt 0 0.6875
vt 0.5 0.6875
vt 0.5 0.6484375
vt 0.5 0.5859375
vt 0.5 0.625
vt 0 0.625
vt 0 0.5859375
vt 0.5 0.8515625
vt 0.578125 0.8515625
vt 0.578125 0.875
vt 0.5 0.875
vt 0 0.5390625
vt 0.5 0.5390625
vt 0.5 0.5625
vt 0 0.5625
vt 0.5 0.8828125
vt 0.578125 0.8828125
vt 0.578125 0.90625
vt 0.5 0.90625
vt 0 0.5078125
vt 0.5 0.5078125
vt 0.5 0.53125
vt 0 0.53125
vt 0 1
vt 0 0.921875
vt 0.5 0.921875
vt 0.5 1
vt 0.5 0.90625
vt 0.5 0.828125
vt 0 0.828125
vt 0 0.90625
vt 0.5 0.671875
vt 0.5078125 0.671875
vt 0.5078125 0.71875
vt 0.5 0.71875
vt 0 0.765625
vt 0.5 0.765625
vt 0.5 0.8125
vt 0 0.8125
vt 0.5 0.734375
vt 0.5078125 0.734375
vt 0.5078125 0.78125
vt 0.5 0.78125
vt 0 0.703125
vt 0.5 0.703125
vt 0.5 0.75
vt 0 0.75
vt 0.5 0.96875
vt 0.5 0.9609375
vt 1 0.9609375
vt 1 0.96875
vt 1 0.9375
vt 1 0.9296875
vt 0.5 0.9296875
vt 0.5 0.9375
vt 0.5 0.7890625
vt 0.5390625 0.7890625
vt 0.5390625 0.8125
vt 0.5 0.8125
vt 0 0.4765625
vt 0.5 0.4765625
vt 0.5 0.5
vt 0 0.5
vt 0.5 0.8203125
vt 0.5390625 0.8203125
vt 0.5390625 0.84375
vt 0.5 0.84375
vt 0.5 0.9765625
vt 1 0.9765625
vt 1 1
vt 0.5 1
vt 0 0.6875
vt 0 0.6484375
vt 0.5 0.6484375
vt 0.5 0.6875
vt 0.5 0.625
vt 0.5 0.5859375
vt 0 0.5859375
vt 0 0.625
vt 0.625 0.5
vt 0.5 0.5
vt 0.5 0.59375
vt 0.625 0.59375
vt 0.65625 0.78125
vt 0.375 0.78125
vt 0.375 0.875
vt 0.65625 0.875
vt 0.625 0.59375
vt 0.5 0.59375
vt 0.5 0.6875
vt 0.625 0.6875
vt 0.65625 0.6875
vt 0.375 0.6875
vt 0.375 0.78125
vt 0.65625 0.78125
vt 0.375 0.71875
vt 0.25 0.71875
vt 0.25 1
vt 0.375 1
vt 0.375 0.71875
vt 0.25 0.71875
vt 0.25 0.4375
vt 0.375 0.4375
vt 0.125 0.375
vt 0 0.375
vt 0 0.4375
vt 0.125 0.4375
vt 0.8125 0.9375
vt 0.375 0.9375
vt 0.375 1
vt 0.8125 1
vt 0.625 0.4375
vt 0.5 0.4375
vt 0.5 0.5
vt 0.625 0.5
vt 0.8125 0.875
vt 0.375 0.875
vt 0.375 0.9375
vt 0.8125 0.9375
vt 0.125 0.5625
vt 0 0.5625
vt 0 1
vt 0.125 1
vt 0.25 1
vt 0.125 1
vt 0.125 0.5625
vt 0.25 0.5625
vt 0.5 0.375
vt 0.375 0.375
vt 0.375 0.4375
vt 0.5 0.4375
vt 0.375 0.375
vt 0.25 0.375
vt 0.25 0.4375
vt 0.375 0.4375
vt 0.25 0.375
vt 0.125 0.375
vt 0.125 0.4375
vt 0.25 0.4375
vt 0.625 0.375
vt 0.5 0.375
vt 0.5 0.4375
vt 0.625 0.4375
vt 0.5 0.5625
vt 0.375 0.5625
vt 0.375 0.6875
vt 0.5 0.6875
vt 0.125 0.5625
vt 0 0.5625
vt 0 0.4375
vt 0.125 0.4375
vt 0.375 0.3125
vt 0.25 0.3125
vt 0.25 0.375
vt 0.375 0.375
vt 0.25 0.3125
vt 0.125 0.3125
vt 0.125 0.375
vt 0.25 0.375
vt 0.125 0.3125
vt 0 0.3125
vt 0 0.375
vt 0.125 0.375
vt 0.75 0.625
vt 0.625 0.625
vt 0.625 0.6875
vt 0.75 0.6875
vt 0.25 0.4375
vt 0.125 0.4375
vt 0.125 0.5625
vt 0.25 0.5625
vt 0.5 0.5625
vt 0.375 0.5625
vt 0.375 0.4375
vt 0.5 0.4375
vt 0.5 0.59375
vt 0.625 0.59375
vt 0.625 0.6875
vt 0.5 0.6875
vt 0.375 0.78125
vt 0.65625 0.78125
vt 0.65625 0.875
vt 0.375 0.875
vt 0.5 0.5
vt 0.625 0.5
vt 0.625 0.59375
vt 0.5 0.59375
vt 0.375 0.6875
vt 0.65625 0.6875
vt 0.65625 0.78125
vt 0.375 0.78125
vt 0.375 1
vt 0.25 1
vt 0.25 0.71875
vt 0.375 0.71875
vt 0.375 0.4375
vt 0.25 0.4375
vt 0.25 0.71875
vt 0.375 0.71875
vt 0.5 0.4375
vt 0.625 0.4375
vt 0.625 0.5
vt 0.5 0.5
vt 0.375 0.9375
vt 0.8125 0.9375
vt 0.8125 1
vt 0.375 1
vt 0 0.375
vt 0.125 0.375
vt 0.125 0.4375
vt 0 0.4375
vt 0.375 0.875
vt 0.8125 0.875
vt 0.8125 0.9375
vt 0.375 0.9375
vt 0.125 1
vt 0 1
vt 0 0.5625
vt 0.125 0.5625
vt 0.25 0.5625
vt 0.125 0.5625
vt 0.125 1
vt 0.25 1
vt 0.125 0.375
vt 0.25 0.375
vt 0.25 0.4375
vt 0.125 0.4375
vt 0.25 0.375
vt 0.375 0.375
vt 0.375 0.4375
vt 0.25 0.4375
vt 0.375 0.375
vt 0.5 0.375
vt 0.5 0.4375
vt 0.375 0.4375
vt 0.5 0.375
vt 0.625 0.375
vt 0.625 0.4375
vt 0.5 0.4375
vt 0.5 0.6875
vt 0.375 0.6875
vt 0.375 0.5625
vt 0.5 0.5625
vt 0.125 0.4375
vt 0 0.4375
vt 0 0.5625
vt 0.125 0.5625
vt 0 0.3125
vt 0.125 0.3125
vt 0.125 0.375
vt 0 0.375
vt 0.125 0.3125
vt 0.25 0.3125
vt 0.25 0.375
vt 0.125 0.375
vt 0.25 0.3125
vt 0.375 0.3125
vt 0.375 0.375
vt 0.25 0.375
vt 0.625 0.625
vt 0.75 0.625
vt 0.75 0.6875
vt 0.625 0.6875
vt 0.25 0.5625
vt 0.125 0.5625
vt 0.125 0.4375
vt 0.25 0.4375
vt 0.5 0.4375
vt 0.375 0.4375
vt 0.375 0.5625
vt 0.5 0.5625
vt 0.625 0.5
vt 0.5 0.5
vt 0.5 0.59375
vt 0.625 0.59375
vt 0.65625 0.78125
vt 0.375 0.78125
vt 0.375 0.875
vt 0.65625 0.875
vt 0.625 0.59375
vt 0.5 0.59375
vt 0.5 0.6875
vt 0.625 0.6875
vt 0.65625 0.6875
vt 0.375 0.6875
vt 0.375 0.78125
vt 0.65625 0.78125
vt 0.375 0.71875
vt 0.25 0.71875
vt 0.25 1
vt 0.375 1
vt 0.375 0.71875
vt 0.25 0.71875
vt 0.25 0.4375
vt 0.375 0.4375
vt 0.125 0.375
vt 0 0.375
vt 0 0.4375
vt 0.125 0.4375
vt 0.8125 0.9375
vt 0.375 0.9375
vt 0.375 1
vt 0.8125 1
vt 0.625 0.4375
vt 0.5 0.4375
vt 0.5 0.5
vt 0.625 0.5
vt 0.8125 0.875
vt 0.375 0.875
vt 0.375 0.9375
vt 0.8125 0.9375
vt 0.125 0.5625
vt 0 0.5625
vt 0 1
vt 0.125 1
vt 0.25 1
vt 0.125 1
vt 0.125 0.5625
vt 0.25 0.5625
vt 0.5 0.375
vt 0.375 0.375
vt 0.375 0.4375
vt 0.5 0.4375
vt 0.375 0.375
vt 0.25 0.375
vt 0.25 0.4375
vt 0.375 0.4375
vt 0.25 0.375
vt 0.125 0.375
vt 0.125 0.4375
vt 0.25 0.4375
vt 0.625 0.375
vt 0.5 0.375
vt 0.5 0.4375
vt 0.625 0.4375
vt 0.5 0.5625
vt 0.375 0.5625
vt 0.375 0.6875
vt 0.5 0.6875
vt 0.125 0.5625
vt 0 0.5625
vt 0 0.4375
vt 0.125 0.4375
vt 0.375 0.3125
vt 0.25 0.3125
vt 0.25 0.375
vt 0.375 0.375
vt 0.25 0.3125
vt 0.125 0.3125
vt 0.125 0.375
vt 0.25 0.375
vt 0.125 0.3125
vt 0 0.3125
vt 0 0.375
vt 0.125 0.375
vt 0.75 0.625
vt 0.625 0.625
vt 0.625 0.6875
vt 0.75 0.6875
vt 0.25 0.4375
vt 0.125 0.4375
vt 0.125 0.5625
vt 0.25 0.5625
vt 0.5 0.5625
vt 0.375 0.5625
vt 0.375 0.4375
vt 0.5 0.4375
vt 0.5 0.59375
vt 0.625 0.59375
vt 0.625 0.6875
vt 0.5 0.6875
vt 0.375 0.78125
vt 0.65625 0.78125
vt 0.65625 0.875
vt 0.375 0.875
vt 0.5 0.5
vt 0.625 0.5
vt 0.625 0.59375
vt 0.5 0.59375
vt 0.375 0.6875
vt 0.65625 0.6875
vt 0.65625 0.78125
vt 0.375 0.78125
vt 0.375 1
vt 0.25 1
vt 0.25 0.71875
vt 0.375 0.71875
vt 0.375 0.4375
vt 0.25 0.4375
vt 0.25 0.71875
vt 0.375 0.71875
vt 0.5 0.4375
vt 0.625 0.4375
vt 0.625 0.5
vt 0.5 0.5
vt 0.375 0.9375
vt 0.8125 0.9375
vt 0.8125 1
vt 0.375 1
vt 0 0.375
vt 0.125 0.375
vt 0.125 0.4375
vt 0 0.4375
vt 0.375 0.875
vt 0.8125 0.875
vt 0.8125 0.9375
vt 0.375 0.9375
vt 0.125 1
vt 0 1
vt 0 0.5625
vt 0.125 0.5625
vt 0.25 0.5625
vt 0.125 0.5625
vt 0.125 1
vt 0.25 1
vt 0.125 0.375
vt 0.25 0.375
vt 0.25 0.4375
vt 0.125 0.4375
vt 0.25 0.375
vt 0.375 0.375
vt 0.375 0.4375
vt 0.25 0.4375
vt 0.375 0.375
vt 0.5 0.375
vt 0.5 0.4375
vt 0.375 0.4375
vt 0.5 0.375
vt 0.625 0.375
vt 0.625 0.4375
vt 0.5 0.4375
vt 0.5 0.6875
vt 0.375 0.6875
vt 0.375 0.5625
vt 0.5 0.5625
vt 0.125 0.4375
vt 0 0.4375
vt 0 0.5625
vt 0.125 0.5625
vt 0 0.3125
vt 0.125 0.3125
vt 0.125 0.375
vt 0 0.375
vt 0.125 0.3125
vt 0.25 0.3125
vt 0.25 0.375
vt 0.125 0.375
vt 0.25 0.3125
vt 0.375 0.3125
vt 0.375 0.375
vt 0.25 0.375
vt 0.625 0.625
vt 0.75 0.625
vt 0.75 0.6875
vt 0.625 0.6875
vt 0.25 0.5625
vt 0.125 0.5625
vt 0.125 0.4375
vt 0.25 0.4375
vt 0.5 0.4375
vt 0.375 0.4375
vt 0.375 0.5625
vt 0.5 0.5625
vt 0.625 0.5
vt 0.5 0.5
vt 0.5 0.59375
vt 0.625 0.59375
vt 0.65625 0.78125
vt 0.375 0.78125
vt 0.375 0.875
vt 0.65625 0.875
vt 0.625 0.59375
vt 0.5 0.59375
vt 0.5 0.6875
vt 0.625 0.6875
vt 0.65625 0.6875
vt 0.375 0.6875
vt 0.375 0.78125
vt 0.65625 0.78125
vt 0.375 0.71875
vt 0.25 0.71875
vt 0.25 1
vt 0.375 1
vt 0.375 0.71875
vt 0.25 0.71875
vt 0.25 0.4375
vt 0.375 0.4375
vt 0.125 0.375
vt 0 0.375
vt 0 0.4375
vt 0.125 0.4375
vt 0.8125 0.9375
vt 0.375 0.9375
vt 0.375 1
vt 0.8125 1
vt 0.625 0.4375
vt 0.5 0.4375
vt 0.5 0.5
vt 0.625 0.5
vt 0.8125 0.875
vt 0.375 0.875
vt 0.375 0.9375
vt 0.8125 0.9375
vt 0.125 0.5625
vt 0 0.5625
vt 0 1
vt 0.125 1
vt 0.25 1
vt 0.125 1
vt 0.125 0.5625
vt 0.25 0.5625
vt 0.5 0.375
vt 0.375 0.375
vt 0.375 0.4375
vt 0.5 0.4375
vt 0.375 0.375
vt 0.25 0.375
vt 0.25 0.4375
vt 0.375 0.4375
vt 0.25 0.375
vt 0.125 0.375
vt 0.125 0.4375
vt 0.25 0.4375
vt 0.625 0.375
vt 0.5 0.375
vt 0.5 0.4375
vt 0.625 0.4375
vt 0.5 0.5625
vt 0.375 0.5625
vt 0.375 0.6875
vt 0.5 0.6875
vt 0.125 0.5625
vt 0 0.5625
vt 0 0.4375
vt 0.125 0.4375
vt 0.375 0.3125
vt 0.25 0.3125
vt 0.25 0.375
vt 0.375 0.375
vt 0.25 0.3125
vt 0.125 0.3125
vt 0.125 0.375
vt 0.25 0.375
vt 0.125 0.3125
vt 0 0.3125
vt 0 0.375
vt 0.125 0.375
vt 0.75 0.625
vt 0.625 0.625
vt 0.625 0.6875
vt 0.75 0.6875
vt 0.25 0.4375
vt 0.125 0.4375
vt 0.125 0.5625
vt 0.25 0.5625
vt 0.5 0.5625
vt 0.375 0.5625
vt 0.375 0.4375
vt 0.5 0.4375
vt 0.5 0.59375
vt 0.625 0.59375
vt 0.625 0.6875
vt 0.5 0.6875
vt 0.375 0.78125
vt 0.65625 0.78125
vt 0.65625 0.875
vt 0.375 0.875
vt 0.5 0.5
vt 0.625 0.5
vt 0.625 0.59375
vt 0.5 0.59375
vt 0.375 0.6875
vt 0.65625 0.6875
vt 0.65625 0.78125
vt 0.375 0.78125
vt 0.375 1
vt 0.25 1
vt 0.25 0.71875
vt 0.375 0.71875
vt 0.375 0.4375
vt 0.25 0.4375
vt 0.25 0.71875
vt 0.375 0.71875
vt 0.5 0.4375
vt 0.625 0.4375
vt 0.625 0.5
vt 0.5 0.5
vt 0.375 0.9375
vt 0.8125 0.9375
vt 0.8125 1
vt 0.375 1
vt 0 0.375
vt 0.125 0.375
vt 0.125 0.4375
vt 0 0.4375
vt 0.375 0.875
vt 0.8125 0.875
vt 0.8125 0.9375
vt 0.375 0.9375
vt 0.125 1
vt 0 1
vt 0 0.5625
vt 0.125 0.5625
vt 0.25 0.5625
vt 0.125 0.5625
vt 0.125 1
vt 0.25 1
vt 0.125 0.375
vt 0.25 0.375
vt 0.25 0.4375
vt 0.125 0.4375
vt 0.25 0.375
vt 0.375 0.375
vt 0.375 0.4375
vt 0.25 0.4375
vt 0.375 0.375
vt 0.5 0.375
vt 0.5 0.4375
vt 0.375 0.4375
vt 0.5 0.375
vt 0.625 0.375
vt 0.625 0.4375
vt 0.5 0.4375
vt 0.5 0.6875
vt 0.375 0.6875
vt 0.375 0.5625
vt 0.5 0.5625
vt 0.125 0.4375
vt 0 0.4375
vt 0 0.5625
vt 0.125 0.5625
vt 0 0.3125
vt 0.125 0.3125
vt 0.125 0.375
vt 0 0.375
vt 0.125 0.3125
vt 0.25 0.3125
vt 0.25 0.375
vt 0.125 0.375
vt 0.25 0.3125
vt 0.375 0.3125
vt 0.375 0.375
vt 0.25 0.375
vt 0.625 0.625
vt 0.75 0.625
vt 0.75 0.6875
vt 0.625 0.6875
vt 0.25 0.5625
vt 0.125 0.5625
vt 0.125 0.4375
vt 0.25 0.4375
vt 0.5 0.4375
vt 0.375 0.4375
vt 0.375 0.5625
vt 0.5 0.5625
vn 0 0.7071067811865476 0.7071067811865476
vn -1 1.1102230246251563e-16 1.1102230246251563e-16
vn -1.609823385706477e-15 -0.7071067811865476 -0.7071067811865476
vn 1 5.55111512312578e-17 5.55111512312578e-17
vn 0 0.7071067811865476 -0.7071067811865477
vn 0 -0.7071067811865476 0.7071067811865477
vn 0 0.7071067811865476 0.7071067811865476
vn -1 1.1102230246251563e-16 1.1102230246251563e-16
vn -3.83026943495679e-15 -0.7071067811865476 -0.7071067811865476
vn 1 -1.665334536937734e-16 -1.665334536937734e-16
vn 0 0.7071067811865476 -0.7071067811865477
vn 0 -0.7071067811865476 0.7071067811865477
vn 2.275957200481571e-15 0.7071067811865476 0.7071067811865476
vn -1 0 0
vn 2.1649348980190553e-15 -0.7071067811865476 -0.7071067811865476
vn 1 -5.5511151231257815e-17 -5.5511151231257815e-17
vn 0 0.7071067811865476 -0.7071067811865477
vn 0 -0.7071067811865476 0.7071067811865477
vn -4.440892098500626e-16 0.7071067811865476 0.7071067811865476
vn -1 0 0
vn -4.996003610813204e-16 -0.7071067811865476 -0.7071067811865476
vn 1 0 0
vn 0 0.7071067811865476 -0.7071067811865477
vn 0 -0.7071067811865476 0.7071067811865477
vn 0 0.7071067811865476 0.7071067811865476
vn -1 1.665334536937734e-16 1.665334536937734e-16
vn 0 -0.7071067811865476 -0.7071067811865476
vn 1 -1.665334536937734e-16 -1.665334536937734e-16
vn 0 0.7071067811865476 -0.7071067811865477
vn 0 -0.7071067811865476 0.7071067811865477
vn 1.1657341758564142e-15 0.7071067811865476 0.7071067811865476
vn -1 0 0
vn 3.1086244689504375e-15 -0.7071067811865476 -0.7071067811865476
vn 1 0 0
vn 0 0.7071067811865476 -0.7071067811865477
vn 0 -0.7071067811865476 0.7071067811865477
vn -1 -2.220446049250312e-16 -2.220446049250312e-16
vn 0 -0.7071067811865476 -0.7071067811865476
vn 1 2.7755575615628904e-16 2.7755575615628904e-16
vn -3.3306690738754686e-16 0.7071067811865476 0.7071067811865476
vn 0 0.7071067811865476 -0.7071067811865477
vn 0 -0.7071067811865476 0.7071067811865477
vn -1 -1.665334536937734e-16 -1.665334536937734e-16
vn 1.1102230246251563e-16 -0.7071067811865476 -0.7071067811865476
vn 1 4.996003610813204e-16 4.996003610813204e-16
vn 1.1102230246251563e-16 0.7071067811865476 0.7071067811865476
vn 0 0.7071067811865476 -0.7071067811865477
vn 0 -0.7071067811865476 0.7071067811865477
vn -0.7071067811865478 0.49999999999999967 -0.4999999999999998
vn 4.996003610813204e-16 -0.7071067811865475 -0.7071067811865477
vn 0.7071067811865472 -0.5000000000000003 0.4999999999999999
vn 1.1102230246251563e-16 0.7071067811865476 0.7071067811865476
vn 0.707106781186548 0.4999999999999999 -0.4999999999999996
vn -0.7071067811865478 -0.4999999999999999 0.5
vn -0.7071067811865471 -0.5000000000000004 0.5000000000000001
vn 2.2204460492503126e-16 -0.7071067811865474 -0.7071067811865478
vn 0.707106781186548 0.4999999999999999 -0.4999999999999996
vn -5.551115123125782e-16 0.7071067811865478 0.7071067811865474
vn -0.7071067811865478 0.49999999999999983 -0.5000000000000001
vn 0.7071067811865476 -0.4999999999999998 0.5000000000000003
vn -1 -2.220446049250312e-16 -2.220446049250312e-16
vn 1.1102230246251563e-16 -0.7071067811865476 -0.7071067811865476
vn 1 1.665334536937734e-16 1.665334536937734e-16
vn -1.1102230246251563e-16 0.7071067811865476 0.7071067811865476
vn 0 0.7071067811865476 -0.7071067811865477
vn 0 -0.7071067811865476 0.7071067811865477
vn -1 -2.220446049250312e-16 -2.220446049250312e-16
vn -1.1102230246251563e-16 -0.7071067811865476 -0.7071067811865476
vn 1 0 0
vn 0 0.7071067811865476 0.7071067811865476
vn 0 0.7071067811865476 -0.7071067811865477
vn 0 -0.7071067811865476 0.7071067811865477
vn -0.7071067811865471 -0.5000000000000004 0.5000000000000001
vn 4.440892098500626e-16 -0.7071067811865486 -0.7071067811865466
vn 0.7071067811865482 0.49999999999999956 -0.4999999999999996
vn 0 0.7071067811865481 0.707106781186547
vn -0.7071067811865471 0.5 -0.5000000000000004
vn 0.7071067811865475 -0.4999999999999999 0.5000000000000004
vn -0.7071067811865476 0.4999999999999998 -0.5000000000000003
vn -3.3306690738754696e-16 -0.7071067811865475 -0.7071067811865478
vn 0.7071067811865471 -0.5000000000000003 0.5000000000000004
vn -4.440892098500625e-16 0.7071067811865472 0.7071067811865478
vn 0.7071067811865478 0.5 -0.49999999999999967
vn -0.7071067811865478 -0.5000000000000001 0.49999999999999983
vn -1 0 0
vn 1.1102230246251563e-16 -0.7071067811865476 -0.7071067811865476
vn 1 2.220446049250312e-16 2.220446049250312e-16
vn -2.2204460492503126e-16 0.7071067811865476 0.7071067811865476
vn 0 0.7071067811865476 -0.7071067811865477
vn 0 -0.7071067811865476 0.7071067811865477
vn -1 0 0
vn 0 -0.7071067811865476 -0.7071067811865476
vn 1 -2.7755575615628904e-16 -2.7755575615628904e-16
vn 1.1102230246251563e-16 0.7071067811865476 0.7071067811865476
vn 0 0.7071067811865476 -0.7071067811865477
vn 0 -0.7071067811865476 0.7071067811865477
vn -0.7071067811865472 0.4999999999999999 -0.5000000000000003
vn 3.3306690738754686e-16 -0.7071067811865474 -0.7071067811865478
vn 0.7071067811865477 -0.49999999999999983 0.5000000000000001
vn -3.3306690738754696e-16 0.7071067811865472 0.7071067811865479
vn 0.7071067811865478 0.5000000000000001 -0.49999999999999983
vn -0.7071067811865475 -0.5000000000000002 0.4999999999999998
vn -0.7071067811865467 -0.5000000000000006 0.5000000000000007
vn 0 -0.7071067811865478 -0.7071067811865475
vn 0.7071067811865478 0.5000000000000001 -0.4999999999999998
vn -3.3306690738754696e-16 0.7071067811865477 0.7071067811865475
vn -0.7071067811865476 0.5 -0.5000000000000001
vn 0.7071067811865476 -0.5 0.5000000000000001
vn -1 2.220446049250312e-16 2.220446049250312e-16
vn 3.3306690738754686e-16 -0.7071067811865476 -0.7071067811865476
vn 1 3.330669073875468e-16 3.330669073875468e-16
vn -1.1102230246251563e-16 0.7071067811865476 0.7071067811865476
vn 0 0.7071067811865476 -0.7071067811865477
vn 0 -0.7071067811865476 0.7071067811865477
vn -1 -4.996003610813204e-16 -4.996003610813204e-16
vn -1.1102230246251563e-16 -0.7071067811865476 -0.7071067811865476
vn 1 1.1102230246251563e-16 1.1102230246251563e-16
vn 1.1102230246251563e-16 0.7071067811865476 0.7071067811865476
vn 0 0.7071067811865476 -0.7071067811865477
vn 0 -0.7071067811865476 0.7071067811865477
vn -0.7071067811865471 -0.5000000000000003 0.5000000000000004
vn -3.3306690738754686e-16 -0.707106781186547 -0.707106781186548
vn 0.7071067811865478 0.4999999999999995 -0.4999999999999999
vn 0 0.7071067811865476 0.7071067811865476
vn -0.7071067811865474 0.49999999999999967 -0.5000000000000004
vn 0.7071067811865471 -0.5000000000000002 0.5000000000000003
vn -0.7071067811865474 0.5000000000000001 -0.5000000000000003
vn 7.216449660063516e-16 -0.7071067811865476 -0.7071067811865476
vn 0.7071067811865474 -0.5000000000000001 0.5000000000000003
vn -1.1102230246251565e-16 0.7071067811865475 0.7071067811865477
vn 0.7071067811865478 0.4999999999999999 -0.4999999999999999
vn -0.7071067811865474 -0.5000000000000002 0.5000000000000001
vn -1 -1.1102230246251563e-16 -1.1102230246251563e-16
vn 1.1102230246251563e-16 -0.7071067811865476 -0.7071067811865476
vn 1 -4.440892098500624e-16 -4.440892098500624e-16
vn 1.1102230246251563e-16 0.7071067811865476 0.7071067811865476
vn 0 0.7071067811865476 -0.7071067811865477
vn 0 -0.7071067811865476 0.7071067811865477
vn -1 0 0
vn -1.1102230246251563e-16 -0.7071067811865476 -0.7071067811865476
vn 1 4.996003610813202e-16 4.996003610813202e-16
vn -1.1102230246251563e-16 0.7071067811865476 0.7071067811865476
vn 0 0.7071067811865476 -0.7071067811865477
vn 0 -0.7071067811865476 0.7071067811865477
vn -0.7071067811865476 0.49999999999999944 -0.5000000000000007
vn 3.3306690738754686e-16 -0.7071067811865474 -0.7071067811865478
vn 0.7071067811865476 -0.49999999999999967 0.5000000000000003
vn -1.1102230246251563e-16 0.7071067811865471 0.707106781186548
vn 0.7071067811865478 0.5000000000000003 -0.4999999999999996
vn -0.7071067811865476 -0.5000000000000006 0.4999999999999996
vn -0.7071067811865467 -0.5000000000000008 0.5000000000000007
vn 4.440892098500626e-16 -0.7071067811865486 -0.7071067811865466
vn 0.7071067811865482 0.4999999999999999 -0.49999999999999933
vn -3.3306690738754696e-16 0.7071067811865477 0.7071067811865475
vn -0.7071067811865474 0.4999999999999997 -0.5000000000000008
vn 0.7071067811865472 -0.5 0.5000000000000002
vn -1 -2.775557561562891e-16 -2.775557561562891e-16
vn 1.1102230246251563e-16 -0.7071067811865476 -0.7071067811865476
vn 1 2.775557561562891e-16 2.775557561562891e-16
vn -1.1102230246251563e-16 0.7071067811865476 0.7071067811865476
vn 0 0.7071067811865476 -0.7071067811865477
vn 0 -0.7071067811865476 0.7071067811865477
vn -1 -1.665334536937734e-16 -1.665334536937734e-16
vn 0 -0.7071067811865476 -0.7071067811865476
vn 1 8.881784197001248e-16 8.881784197001248e-16
vn 1.1102230246251563e-16 0.7071067811865476 0.7071067811865476
vn 0 0.7071067811865476 -0.7071067811865477
vn 0 -0.7071067811865476 0.7071067811865477
vn -0.7071067811865467 -0.5000000000000007 0.5000000000000003
vn 0 -0.707106781186548 -0.7071067811865471
vn 0.707106781186548 0.49999999999999956 -0.5
vn -6.106226635438361e-16 0.7071067811865477 0.7071067811865475
vn -0.7071067811865475 0.4999999999999998 -0.5000000000000003
vn 0.7071067811865478 -0.49999999999999983 0.5000000000000001
vn -0.7071067811865474 0.5000000000000001 -0.5000000000000003
vn 0 -0.7071067811865471 -0.707106781186548
vn 0.7071067811865472 -0.5000000000000003 0.5000000000000001
vn -1.1102230246251563e-16 0.7071067811865479 0.7071067811865472
vn 0.707106781186548 0.49999999999999983 -0.4999999999999996
vn -0.7071067811865478 -0.5000000000000001 0.49999999999999983
usemtl m_8ad0a651-624f-cea2-57ce-d200832d959f
f 1/1/1 2/2/1 3/3/1 4/4/1
f 5/5/2 1/6/2 4/7/2 6/8/2
f 7/9/3 5/10/3 6/11/3 8/12/3
f 2/13/4 7/14/4 8/15/4 3/16/4
f 8/17/5 6/18/5 4/19/5 3/20/5
f 2/21/6 1/22/6 5/23/6 7/24/6
f 9/25/7 10/26/7 11/27/7 12/28/7
f 13/29/8 9/30/8 12/31/8 14/32/8
f 15/33/9 13/34/9 14/35/9 16/36/9
f 10/37/10 15/38/10 16/39/10 11/40/10
f 16/41/11 14/42/11 12/43/11 11/44/11
f 10/45/12 9/46/12 13/47/12 15/48/12
f 17/49/13 18/50/13 19/51/13 20/52/13
f 21/53/14 17/54/14 20/55/14 22/56/14
f 23/57/15 21/58/15 22/59/15 24/60/15
f 18/61/16 23/62/16 24/63/16 19/64/16
f 24/65/17 22/66/17 20/67/17 19/68/17
f 18/69/18 17/70/18 21/71/18 23/72/18
f 25/73/19 26/74/19 27/75/19 28/76/19
f 29/77/20 25/78/20 28/79/20 30/80/20
f 31/81/21 29/82/21 30/83/21 32/84/21
f 26/85/22 31/86/22 32/87/22 27/88/22
f 32/89/23 30/90/23 28/91/23 27/92/23
f 26/93/24 25/94/24 29/95/24 31/96/24
f 33/97/25 34/98/25 35/99/25 36/100/25
f 37/101/26 33/102/26 36/103/26 38/104/26
f 39/105/27 37/106/27 38/107/27 40/108/27
f 34/109/28 39/110/28 40/111/28 35/112/28
f 40/113/29 38/114/29 36/115/29 35/116/29
f 34/117/30 33/118/30 37/119/30 39/120/30
f 41/121/31 42/122/31 43/123/31 44/124/31
f 45/125/32 41/126/32 44/127/32 46/128/32
f 47/129/33 45/130/33 46/131/33 48/132/33
f 42/133/34 47/134/34 48/135/34 43/136/34
f 48/137/35 46/138/35 44/139/35 43/140/35
f 42/141/36 41/142/36 45/143/36 47/144/36
usemtl m_6fb1dd81-adbc-3ca0-bd04-89666c45d249
f 49/145/37 50/146/37 51/147/37 52/148/37
f 53/149/38 49/150/38 52/151/38 54/152/38
f 55/153/39 53/154/39 54/155/39 56/156/39
f 50/157/40 55/158/40 56/159/40 51/160/40
f 56/161/41 54/162/41 52/163/41 51/164/41
f 50/165/42 49/166/42 53/167/42 55/168/42
f 57/169/43 58/170/43 59/171/43 60/172/43
f 61/173/44 57/174/44 60/175/44 62/176/44
f 63/177/45 61/178/45 62/179/45 64/180/45
f 58/181/46 63/182/46 64/183/46 59/184/46
f 64/185/47 62/186/47 60/187/47 59/188/47
f 58/189/48 57/190/48 61/191/48 63/192/48
f 65/193/49 66/194/49 67/195/49 68/196/49
f 69/197/50 65/198/50 68/199/50 70/200/50
f 71/201/51 69/202/51 70/203/51 72/204/51
f 66/205/52 71/206/52 72/207/52 67/208/52
f 72/209/53 70/210/53 68/211/53 67/212/53
f 66/213/54 65/214/54 69/215/54 71/216/54
f 73/217/55 74/218/55 75/219/55 76/220/55
f 77/221/56 73/222/56 76/223/56 78/224/56
f 79/225/57 77/226/57 78/227/57 80/228/57
f 74/229/58 79/230/58 80/231/58 75/232/58
f 80/233/59 78/234/59 76/235/59 75/236/59
f 74/237/60 73/238/60 77/239/60 79/240/60
f 81/241/61 82/242/61 83/243/61 84/244/61
f 85/245/62 81/246/62 84/247/62 86/248/62
f 87/249/63 85/250/63 86/251/63 88/252/63
f 82/253/64 87/254/64 88/255/64 83/256/64
f 88/257/65 86/258/65 84/259/65 83/260/65
f 82/261/66 81/262/66 85/263/66 87/264/66
f 89/265/67 90/266/67 91/267/67 92/268/67
f 93/269/68 89/270/68 92/271/68 94/272/68
f 95/273/69 93/274/69 94/275/69 96/276/69
f 90/277/70 95/278/70 96/279/70 91/280/70
f 96/281/71 94/282/71 92/283/71 91/284/71
f 90/285/72 89/286/72 93/287/72 95/288/72
f 97/289/73 98/290/73 99/291/73 100/292/73
f 101/293/74 97/294/74 100/295/74 102/296/74
f 103/297/75 101/298/75 102/299/75 104/300/75
f 98/301/76 103/302/76 104/303/76 99/304/76
f 104/305/77 102/306/77 100/307/77 99/308/77
f 98/309/78 97/310/78 101/311/78 103/312/78
f 105/313/79 106/314/79 107/315/79 108/316/79
f 109/317/80 105/318/80 108/319/80 110/320/80
f 111/321/81 109/322/81 110/323/81 112/324/81
f 106/325/82 111/326/82 112/327/82 107/328/82
f 112/329/83 110/330/83 108/331/83 107/332/83
f 106/333/84 105/334/84 109/335/84 111/336/84
f 113/337/85 114/338/85 115/339/85 116/340/85
f 117/341/86 113/342/86 116/343/86 118/344/86
f 119/345/87 117/346/87 118/347/87 120/348/87
f 114/349/88 119/350/88 120/351/88 115/352/88
f 120/353/89 118/354/89 116/355/89 115/356/89
f 114/357/90 113/358/90 117/359/90 119/360/90
f 121/361/91 122/362/91 123/363/91 124/364/91
f 125/365/92 121/366/92 124/367/92 126/368/92
f 127/369/93 125/370/93 126/371/93 128/372/93
f 122/373/94 127/374/94 128/375/94 123/376/94
f 128/377/95 126/378/95 124/379/95 123/380/95
f 122/381/96 121/382/96 125/383/96 127/384/96
f 129/385/97 130/386/97 131/387/97 132/388/97
f 133/389/98 129/390/98 132/391/98 134/392/98
f 135/393/99 133/394/99 134/395/99 136/396/99
f 130/397/100 135/398/100 136/399/100 131/400/100
f 136/401/101 134/402/101 132/403/101 131/404/101
f 130/405/102 129/406/102 133/407/102 135/408/102
f 137/409/103 138/410/103 139/411/103 140/412/103
f 141/413/104 137/414/104 140/415/104 142/416/104
f 143/417/105 141/418/105 142/419/105 144/420/105
f 138/421/106 143/422/106 144/423/106 139/424/106
f 144/425/107 142/426/107 140/427/107 139/428/107
f 138/429/108 137/430/108 141/431/108 143/432/108
f 145/433/109 146/434/109 147/435/109 148/436/109
f 149/437/110 145/438/110 148/439/110 150/440/110
f 151/441/111 149/442/111 150/443/111 152/444/111
f 146/445/112 151/446/112 152/447/112 147/448/112
f 152/449/113 150/450/113 148/451/113 147/452/113
f 146/453/114 145/454/114 149/455/114 151/456/114
f 153/457/115 154/458/115 155/459/115 156/460/115
f 157/461/116 153/462/116 156/463/116 158/464/116
f 159/465/117 157/466/117 158/467/117 160/468/117
f 154/469/118 159/470/118 160/471/118 155/472/118
f 160/473/119 158/474/119 156/475/119 155/476/119
f 154/477/120 153/478/120 157/479/120 159/480/120
f 161/481/121 162/482/121 163/483/121 164/484/121
f 165/485/122 161/486/122 164/487/122 166/488/122
